   0.0000000e+00
   1.0000000e-01
   2.0000000e-01
   3.0000000e-01
   4.0000000e-01
   5.0000000e-01
   6.0000000e-01
   7.0000000e-01
   8.0000000e-01
   9.0000000e-01
   1.0000000e+00
   1.1000000e+00
   1.2000000e+00
   1.3000000e+00
   1.4000000e+00
   1.5000000e+00
   6.6854033e+00
   3.6271824e+01
   6.2579462e+01
   8.0044764e+01
   1.1759448e+02
   1.5808811e+02
   1.8360703e+02
   2.0757646e+02
   2.4263909e+02
   2.6486539e+02
   3.0142826e+02
   3.3463458e+02
   3.4699364e+02
   3.4566888e+02
   3.6064915e+02
   3.5716249e+02
